9387798927623571414959905433979699546233596432488184347877396388487544619733603308749316529945092268
7947624347372464839716754683787886711048526452612178106423184161255015305279469762446062178227744593
6738422209264389517726226051419350081698727501768176627010209784374280328180198823120301439871724479
9868010269674763117277975047176700617529961221424365969311249448644753410026267035766223650037548541
1584952245793982818001676714635065986994994102513492621142999396983354558932384354722395456056864080
4660926706963571156234782567922220037456642214718175530273694086579574654415010461291136617892328656
4350145731333870960146900759954347389246464746033905326852106957408199923774539983448132739058929132
0153625526553995913442372676598853547929908600979881385909576534493237736838970227499009122863285447
3621655970880413688685815729979170391553543939271505186657306340649675941176757534066656467998144994
1871218675559015969891327691608740320436983036523041344134796228092138663516015139183794277685075708
9544363386764362544351531944476993409747433867768465406832941718876140593098211069680483740905862527
4970710858619403006502578202872146150456599702032184859331345641983177832038842082957487635697186961
1072629706909554543751334233152951580578678356732496557791111754338403947324594883538260881334821905
0912865422336961735789246157470727911110583807770631499219080945686330650715932380661542208861525065
2638600549228790177891351722672776190155401447148290534215106407020801034481031296360547622771810114
2189507486464467275346367686270334078578165683137072255540370848389304283407979037999515931396238619
2120309006727528581834409865617368016412653191869002692706125360033734215282895428159836250950713852
5495398405024927618218420623120769239548499782377648746185796091387013200568174507707632618358824552
5746207470845004603034928781855116820638924520353739600025592225222528245352321682881812138842163113
8141935867726612663338819403926442185559436875462129393694911377292589585442430744889413014098462693
2439109112029775382592434509321203611073761969482768972005774950097505441005670218011336907561696528
1494617460285038526239681991209685553658367939351032479130322872835428565549169047674041941334339870
4234858416626265687272031714775891745571659840459962094701680234709250258143608372766794701924783459
2653370305146088450495890480621935660477263372012415420468849309122626053532874482485470239632465871
3459034228656656609080243532212803280523053761193137776733323667144559329941820559019139012027303486
3275485025360458437712729416386447692735728468268304087670997503384749384540002403094642761706186651
0678758650519654048785720472206900365539569940832388959527957305684073514274064372649334558468863630
3431960091969939692920298686553045051144852047523281949124035586574311647394531396878595804071458041
5813978513143431173432759285807801637789249071780062584275376428992769989097895485021691415719295421
6224376317981521575781769845632614106610392418755563868911666147888327331281564007297885035150879320
2584722201906334738111676677991057088509600209140978167929701030991256190400780515171633993020468600
6912502911303339614113683910566675484533388082506471747784400157389191139996218469773749474381567959
1834725057426342553246784679762944835558353698739618263203408669110329545361589217195692794241505835
8715366723287248605113027275153292713533687843088902917123447023609745040142492103211822713808392336
8502261680671624085173149667854725107337232667023225360075191878141168541597727768477075769477193777
1329272230077522762112222147456612488630354230433934390235553375497141608307106863165057747488611382
6198312078887213823956472498649055643924384782954846159021507312485475975312347588159890333741756313
3824614196476093699476142024683727892231166431936934933483426353862951144011970934471025838005067382
7708376662386744820367764862821036608106312702123238349257373413088908362722826408226850059597278474
7616924691445678513053177965471213947930052981044365923812248157564661145618454312644933707909492800
8829467621368174100210096244694855784841196774290870787114680235731930315046641457704779438161538288
9020330855520154611794963767598967396025520371390897550866682648851278922720855581226864127757511868
3692313306859083048093793790092920098265021791428052511436736044688389054285756467793614238736218246
6929983079553212556076494829681936238986944019368819771682471619930002227803143787633515647798095913
3102846385874990577755018371632197312967010335716278545845487724234651472121381228810058500287663604
4048498924194513238954546714871241964555181289198349093645898869520926213147866971833280137896585109
2023042389041219300631057864440914767807296281221367141404667827894867926646814574627240567853962894
4787616426722323769466245680969465163918267887356422282057214467850540701265713862238844391871284715
1738664407243043097262147690354861118493366293940867300551162034979927759019546078869243252828579351
3323416128688525864097355023249524143376110729082093688517126401054731427939159291353751985637760761
4166813587269141084431813416976444748860565000582925527808886542436566261746744940466538176912403007
1215375296818823662776513007809014906123191270714920103601474557385215410503084536054848962581530565
9138628774735058780032783921006398360068773216445420817838060361166730970109607158061307149064125221
3282941158232553228952203449605433906111888522767385810122310374066172995832677682123591136738171483
8710497805033864635081671494115821633723538625336513510433193599591665877794872674353458705931602390
2140159394203180448588910568767156976725471029396074186092556997863384421889556862210010472029707421
1377575972619823034987486516726567239251878794743112202881844615663165607307167368283750454506076224
8703675977430928576587698143097845359981213781733811632607103174172914128807633244355925692252030911
5570335454658711679843364466341297780563190077154679743388403007287455486800713153169979634001175899
3074213608579949214467599935286526454884818907087931507746588773973966336120533718504621176858889449
9153288744541714296244907525500242443213602201571334223033549032465143652244479449439706863012405443
8394235046628814235505957537661384230139671646138583823024508465992567137413080134431544104536577595
7817164101955553387972648414257561991598462460468734161239993787936169762658864344305764243429178907
2768410400572383101671557623249457108055183459353705103037014467700471622003259919955826937996418721
8110526300301193883950661197498547550084852766431650319817626458138420125940202582580655420763885193
7935353856395152752583729159640580968999927485981297093556172157785770755388500598365754464515828739
6294576651882284235105648939666726368168671006759258951271858828055521916204961359532983690575769686
5054930258753805514243440504362165382099920020693490692177135452335115856566986196984541985725691382
1161471079396598150407497008405007581308831663846355612991493668921503284398276605795217895665966390
6341387632862488132858576781035228867674323769827278714185648529939243060423912024599955777311606882
6040182307749000203205802676782508309319541947181919896014860035459522524699494714116530715272812088
4701744822626765290668939558452719023486257487858646800823653700985357669330649004028650493763874127
0091259919725669535426353119429746963949016741175111563764184264600344913605598819093861337418312288
5858199284179491780973242047746620277655073149960544553260482961058789699222494928910558248587367373
9575738968538274210603057091127444373430343151423065094018031273978274853957122068546313831677986766
9614576658964918094559965085303627656717574550955228820539468518959265274405969733847012181213172701
0204753356029389241404356984780985154474541553565752595870562536813294710760806479214742699110890359
4530435415278135398136474629958983364080223449002336668509214575883885694643958068501939476783771390
1007856942098990540175869434406004440189666511716424200391131071548648608008589559381050615893438112
0505066843080915633530531203136442236433534034506221558486030241211560554226972099464188892415326443
1601605870669766204022099592002961516887470744987558366250594276080922507898715410074735517441782721
4939475458417842629978174794634807495680166092556752677691126346731244227520102927282743443969949036
6125781402137072588567777956297575814600626373159780765257274260266672334637060057953554967104898039
6840419352713829533577136420443247957973247474297911126306873723320495689947734265926848718285593207
6147718412400290790780519405707770516579377264543914117007598004348280321778444457034278555171480286
5651850270651659657889860224003170711615983090005275691482184148326152275866004700017742205406570020
2629365514855045969311578918715656185379537340665335391477767218040482746100489609150741674817508844
5666498205137407808895261962367903173841570757566288042912424476887684962605397978527221624525681143
9224261173861275686191804659464396229866312074019458445800831079014829321064996772881435857576930646
5749937357877300948672635875781297414143149127911323243118080251683897624236147222100904907499796256
1884735056198135527977161387458464270779406869983946916767213544237182111816757746702480354712359475
0826571698119934160109366660434861059430130672651958764647072203539906638425643579784041790339660804
1539020709036699563302773164127852195476212745050458855165111958004747409293050675942111002393196014
9411474116828249732625287126297640003761419733240617611392670624885422074724902932394174127023715281
4487294200880191311199031945796604058202519019043156111980970341757858324440462086468225728475455468
6804094767133071055947628891635726726488399868521177029484568990933214020818324372086337936754381835
5061261238846867156338172673952716390503248614811147319554811351052577753032935447060390284223238270
7441589266887542633738534133993727707661537882014912595081356032297932583149116492669268585671981971
1131292791248421473485722937035952976335091330774022227607995302084434589682237227235752906652216452
0953411321804918475453952012769692311326164528966790229912064564743260240298014195818161125633212547
