85120983888671554908618900976597427644229409225061
97194553828833699829244874447038738140344078715037
73803281321003043217466752997440682244749374520079
17243768692687442399997340025184224987537259468564
12035034828117128328440420368704354808607257733617
40421452996316842940103049521308844638053364474996
72661432716778681510979134177855372039635545923029
57152415639058572023328553705550749097955748669461
59436058221537374561708832119898809037577937054264
69272268202628273854349213307407878376710140506076
45232782579403811773612003063262943904446452103610
35751238268149281058126606044524797911711184607631
51683611270093764264532175903045452405933142935539
83445190121534794325659620088875437978785820197320
90785456115890119089674367563163913561496173313020
96785779250395742661912283922759111423402161269547
68303310553992060027189878092781282888403301125685
26681480809491061468667147557011587510340642970475
19099556617563537395776057418497006823371407981145
09676285283031005276096869573138897882141275006465
03211313296899574579566895803347288748758655383233
95289125072542014599377173141017602381023632088626
75031144693014514052591914594238547089485426075510
67493845092092234058813828770993534189262533102373
19829872755836485381022168405609963811890978363785
79661454189360038064915111595091934925020952228650
34959081884871132386635843362951542146725486919297
89829998044384815187121465853618627895096354142737
49055154294711670388137949057119100588675052362069
33086558644361029636610776744463876977480008938710
45098078462551237945456291905664031121452075125831
37416633750877328814023932254582730059429442715283
10532316437127958825448135130146212163620228436792
56261853563012453529477095529813781469470665968166
66774610198971809103024831248424778020657524797500
51935639123898174175978851244759858429093955070080
68756029572664631879677904126634433782703339164582
71785297781925327217487928538893073453061594919532
66198174731701881545914320599250673621346381953880
58689026564217529381250437803314292673882484102604
41997451613796577926023822571043873477398987430847
44690193616591102045480603173139167460559911647475
67522776992222063203459263480498125950929880073844
54512194461273133242853516787331416909589805256731
39364938843179746063085861555297633814466069173165
19433264437892320956568059044140211091343702698021
21392495664905458712101441777746526944398315935899
72936731874913413452846356977305254279715681754365
27509846913275105585995328838896026685775529421385
48559773829828280378801306462031425003242357471124
